timestamp,mean CPU usage rate,assigned memory usage
39600,56664.415015494815,72771.84507799229
39900,47211.02998775774,71716.03004713096
40200,44241.70999133025,69210.58000545492
40500,39446.67499743734,66123.38996047979
40800,41671.464991944915,67523.96999502162
41100,40755.629989158915,66480.10503072731
41400,47423.76499233186,68304.38998861283
41700,47691.519995760464,69248.46997184698
42000,47512.665013879974,70080.11504039714
42300,46117.09000571344,69394.56499013829
42600,52090.40000670586,70958.20000400498
42900,50153.14994997971,69798.48995599696
43200,51648.23998780831,69169.17999305666
43500,50174.76000536128,73950.33999395286
43800,57506.45999866192,84748.0800392154
44100,46150.219996624415,81136.03493556945
44400,43696.47997648674,78021.855007457
44700,44044.684961420564,71862.94499158829
45000,37264.72500495887,67003.37997245684
45300,41996.214943105864,69461.12501068099
45600,42157.134984230266,68330.08499488773
45900,34990.16498576977,65526.149991321116
46200,42485.50997987412,68594.54999761474
46500,35769.73997862396,68544.15996446607
46800,41233.844993995815,70724.47998161327
47100,47121.17500141288,71942.90001697552
47400,40922.094987851175,70012.43499050148
47700,42871.58999859664,72210.39999713899
48000,45115.11499671289,79861.60999412616
48300,36945.684973246316,66484.97499294244
48600,51774.53498489795,78169.8649595256
48900,43404.8999701979,78442.72502078999
49200,48885.389974515725,82538.37997479402
49500,40552.77001378476,68307.90498857471
49800,47092.06832794114,70768.71994555843
50100,35888.429982072754,55286.780041695034
50400,50449.28500581455,70266.81836198263
50700,51642.98998499478,73439.7399813648
51000,56459.294994968164,64949.0600042342
51300,42380.96997941703,63416.684984111685
51600,42386.66000273207,69275.58001174926
51900,39566.219991612255,68875.85997657785
52200,46573.810018383185,70302.67497158005
52500,52927.250033956305,72687.69996204299
52800,43481.53999353604,70115.05997333543
53100,46894.6150014399,72678.14000897389
53400,53144.980005938094,75021.78502450022
53700,39060.24500874818,65847.56004252523
54000,39962.10000614667,64880.9900131383
54300,35119.36500584461,54422.780016280434
54600,46372.95665958042,69033.20830505762
54900,38118.83497036639,63097.88500790684
55200,33544.64498500192,60384.4050123694
55500,41847.314981764306,65903.40002403318
55800,44734.86998531819,67970.01000752495
56100,38975.75001363775,73550.14501090092
56400,42482.02502031938,73278.7649936672
56700,37599.274994640895,75065.41496844223
57000,30088.89999572614,73430.31997437458
57300,30856.180012762103,75848.81001248439
57600,30237.729995042657,75030.68999633804
57900,29996.2699900034,72689.73497915182
58200,34478.99999844967,74956.87499966627
58500,32329.456659278887,72746.53328545864
58800,33835.4916606585,71717.92001175848
59100,34017.24498087828,66732.55000476916
59400,25814.600011801638,59087.9399824138
59700,27625.669992131316,56437.08500842943
60000,26512.535002148652,56369.850005007356
60300,30288.22999379019,56961.66003723196
60600,27233.880005139636,55105.494990158506
60900,28871.16500006267,59837.67000350952
61200,36295.92998882463,65669.20000300302
61500,29626.604994291967,58430.80498142248
61800,29791.20001053709,59685.6599756242
62100,31406.12498891388,59877.52998800279
62400,44264.47001855271,70031.42498478982
62700,40038.25998420732,66603.93999824535
63000,33489.01999990328,61393.640014934
63300,28686.779987777176,58373.03503227168
63600,24444.0899892337,57287.14998531403
63900,28067.25500609277,57281.83998851727
64200,25660.260002302748,59656.03999347645
64500,27153.774987626282,61670.155011939445
64800,30395.164979494093,65659.14999437206
65100,33003.31998044835,66312.85497274323
65400,25850.190000021368,62114.27501707075
65700,23903.384991109357,58990.66495704657
66000,23350.539996641528,56297.88499202713
66300,19428.26000876366,53219.49999732995
66600,23359.805000442513,53840.57999286649
66900,24808.000005489353,56337.94996280706
67200,24209.595006001233,57155.54996871992
67500,22204.45000675853,56544.40501766253
67800,25994.054992861384,57239.05497627294
68100,24139.70999566965,56889.8799774167
68400,21895.85002537369,55126.544970034614
68700,26633.540007484284,61414.37002763749
69000,22142.84000654863,59390.390033721545
69300,21391.339998508556,59879.610004806724
69600,27167.599993926367,62897.73497285878
69900,23956.020003748203,58222.66500129725
70200,36393.629990154506,60093.52499170319
70500,31062.145004969527,65955.42997922926
70800,30778.880006860865,67552.58498973827
71100,31887.939993941625,66996.8450008396
71400,33096.764981597364,64336.87499141759
71700,34138.09500366962,62361.55000162185
72000,31958.61500805569,61109.17003307347
72300,31546.574996626,63185.025002289374
72600,37663.404995059565,66340.42999868312
72900,38021.59499383458,66272.55996809002
73200,33331.34001160215,61544.699992847745
73500,25183.77998513571,56042.629993819675
73800,24715.2549959422,55235.010000323884
74100,26352.520012163644,57585.299984741316
74400,22611.59501693832,54261.28997945637
74700,22003.54500836764,52353.32998757377
75000,21229.480002279157,51570.98000707562
75300,28974.16000022841,58121.85498733433
75600,32435.709985054313,58613.04999513524
75900,27710.719992757276,57532.30996255874
76200,36730.31496373391,64219.11994895957
76500,32664.534997187744,59658.844982432536
76800,33497.830011730846,63545.2049813261
77100,33266.47999536972,61883.61999931287
77400,37673.92498351928,60669.585030459144
77700,30780.285014575988,60225.14997816073
78000,34163.52998079074,63880.62998943344
78300,36564.30501075962,64574.79997577667
78600,30729.614990847822,59728.359996509746
78900,28860.069985735947,57205.1599904056
79200,29202.33499634269,57326.114991091614
79500,23827.374999230764,52258.415016841485
79800,19027.01998985435,48870.36000728534
80100,16662.010000705435,47392.594989490804
80400,17336.51999420466,47845.749983405956
80700,20849.550000709412,51538.7100019453
81000,16924.90500446604,48978.004998874676
81300,14276.200002396525,46483.79502325011
81600,16212.635004717113,47746.55498018279
81900,14905.125012534992,47110.71997814189
82200,14905.15500587932,47119.44999666146
82500,15450.045003819903,47056.48001098562
